4 0.875504 0.709357 0.033266 0.052980
6 0.787802 0.708502 0.035282 0.058107
13 0.696573 0.539308 0.026210 0.044435
13 0.608871 0.535890 0.022177 0.037599
13 0.618448 0.726447 0.025202 0.042726
13 0.534274 0.852916 0.022177 0.035890
13 0.123488 0.435911 0.021169 0.035890
9 0.493448 0.732429 0.037298 0.058107
7 0.505544 0.437620 0.061492 0.093997
8 0.624496 0.306024 0.047379 0.104251
11 0.401714 0.270989 0.053427 0.088870
5 0.438004 0.508545 0.035282 0.054689
5 0.459677 0.576052 0.036290 0.046144
5 0.544355 0.571780 0.036290 0.064943
5 0.472278 0.620487 0.035282 0.063234