13 0.113407 0.237663 0.023185 0.042726
13 0.831653 0.235099 0.022177 0.044435
13 0.730343 0.445311 0.015121 0.030763
13 0.729335 0.505982 0.023185 0.035890
13 0.692036 0.503418 0.017137 0.030763
4 0.566532 0.423948 0.022177 0.046144
9 0.520161 0.323115 0.036290 0.070070
9 0.663306 0.549562 0.034274 0.051271
6 0.497480 0.600833 0.031250 0.071780
6 0.544859 0.493164 0.029234 0.058107
5 0.745968 0.335078 0.038306 0.059816
5 0.700101 0.547853 0.037298 0.064943
5 0.531754 0.665777 0.039315 0.058107
10 0.320060 0.576052 0.029234 0.049562
0 0.299899 0.805063 0.035282 0.059816