4 0.118952 0.559816 0.036290 0.051271
13 0.300907 0.581179 0.019153 0.032472
13 0.350806 0.735847 0.016129 0.023927
13 0.394657 0.727302 0.011089 0.027345
13 0.368448 0.734138 0.015121 0.030763
13 0.554435 0.602542 0.016129 0.020508
4 0.391633 0.294061 0.049395 0.097415
11 0.247480 0.722175 0.051411 0.088870
10 0.340222 0.871715 0.033266 0.049562
8 0.622984 0.693976 0.052419 0.090579
8 0.808468 0.206046 0.046371 0.109378
12 0.747480 0.564089 0.045363 0.070070
6 0.719758 0.627323 0.032258 0.063234
0 0.781754 0.638432 0.031250 0.044435
5 0.471270 0.636723 0.033266 0.061525
5 0.599294 0.617069 0.031250 0.052980