13 0.566028 0.632450 0.017137 0.029054
13 0.626512 0.786264 0.025202 0.032472
13 0.547379 0.851207 0.022177 0.042726
13 0.578629 0.851207 0.020161 0.046144
4 0.105343 0.484619 0.041331 0.061525
9 0.273690 0.613651 0.033266 0.049562
10 0.581653 0.286370 0.032258 0.044435
10 0.925403 0.705084 0.030242 0.044435
0 0.578629 0.767464 0.030242 0.042726
6 0.675403 0.291498 0.040323 0.075198
7 0.455141 0.524781 0.059476 0.100833
8 0.602823 0.662358 0.048387 0.116214
11 0.670363 0.758919 0.052419 0.107669
12 0.523690 0.745247 0.053427 0.100833
5 0.214718 0.391476 0.040323 0.070070
5 0.509073 0.364132 0.042339 0.052980
5 0.609879 0.537599 0.042339 0.071780
5 0.288306 0.671758 0.042339 0.052980