7 0.542843 0.660649 0.061492 0.123051
6 0.661794 0.382931 0.035282 0.056398
13 0.698589 0.536744 0.020161 0.035890
13 0.902722 0.921278 0.021169 0.042726
0 0.580645 0.764901 0.034274 0.041017
9 0.066532 0.176992 0.034274 0.064943
10 0.231351 0.728156 0.037298 0.049562
10 0.631048 0.622196 0.032258 0.052980
11 0.624496 0.872570 0.063508 0.088870
12 0.691532 0.467528 0.048387 0.078616
4 0.731855 0.191519 0.038306 0.066652
8 0.602823 0.667486 0.036290 0.109378
5 0.445060 0.460692 0.041331 0.071780
5 0.479839 0.532472 0.028226 0.064943
5 0.514113 0.506836 0.034274 0.071780
5 0.569052 0.514527 0.035282 0.073489
5 0.777218 0.435911 0.038306 0.070070
5 0.710181 0.397458 0.037298 0.071780