5 0.458669 0.388913 0.044355 0.061525
5 0.646169 0.359004 0.034274 0.052980
5 0.676915 0.392331 0.043347 0.075198
5 0.530746 0.442747 0.029234 0.066652
5 0.455645 0.451292 0.038306 0.076907
5 0.504536 0.451292 0.027218 0.090579
10 0.883569 0.717902 0.041331 0.083743
10 0.484375 0.295770 0.039315 0.073489
0 0.577621 0.769173 0.032258 0.052980
4 0.222782 0.194082 0.040323 0.071780
7 0.829637 0.649541 0.060484 0.111087
12 0.565020 0.614505 0.039315 0.085452
13 0.910282 0.294061 0.024194 0.046144
13 0.565020 0.439329 0.025202 0.049562
13 0.581653 0.559816 0.014113 0.034181
13 0.598286 0.585452 0.015121 0.030763
13 0.607863 0.629887 0.016129 0.023927
8 0.604839 0.677740 0.038306 0.095706
6 0.369456 0.188101 0.037298 0.073489