8 0.812500 0.204337 0.038306 0.109378
8 0.627016 0.693976 0.048387 0.090579
4 0.414819 0.430784 0.031250 0.049562
6 0.655746 0.588870 0.025202 0.068361
6 0.675403 0.622196 0.028226 0.066652
13 0.758065 0.216300 0.016129 0.037599
9 0.600302 0.178701 0.035282 0.058107
12 0.947581 0.229118 0.048387 0.083743
11 0.946573 0.535890 0.050403 0.075198
0 0.781250 0.634159 0.036290 0.056398
7 0.153226 0.327387 0.048387 0.102542
10 0.136089 0.452147 0.036290 0.071780
10 0.317036 0.677740 0.035282 0.064943
5 0.570060 0.635868 0.029234 0.046144
5 0.171875 0.518799 0.031250 0.064943
5 0.750504 0.640141 0.025202 0.054689
5 0.823085 0.715339 0.031250 0.051271
5 0.807460 0.301752 0.032258 0.044435
5 0.809476 0.827280 0.032258 0.052980