10 0.383065 0.868297 0.026210 0.049562
10 0.562500 0.676885 0.028226 0.046144
4 0.315524 0.196646 0.034274 0.052980
13 0.527722 0.379513 0.015121 0.029054
13 0.471270 0.462401 0.017137 0.034181
13 0.567540 0.572634 0.012097 0.035890
9 0.518649 0.500855 0.027218 0.046144
8 0.809476 0.203482 0.044355 0.117924
12 0.829133 0.378658 0.053427 0.085452
11 0.802419 0.566652 0.044355 0.082034
8 0.623992 0.695685 0.040323 0.093997
6 0.602823 0.519654 0.032258 0.063234
6 0.566028 0.593142 0.033266 0.056398
0 0.780746 0.634159 0.031250 0.046144
7 0.171875 0.357295 0.053427 0.076907
5 0.265625 0.438475 0.033266 0.054689
5 0.500000 0.532472 0.032258 0.061525
5 0.695060 0.323969 0.031250 0.054689
5 0.657762 0.570070 0.035282 0.054689
5 0.711190 0.626469 0.031250 0.051271
5 0.714718 0.709357 0.034274 0.052980