0 0.782258 0.635014 0.030242 0.058107
4 0.683468 0.845225 0.038306 0.051271
6 0.624496 0.817881 0.031250 0.061525
6 0.614415 0.580325 0.027218 0.044435
8 0.812500 0.208609 0.038306 0.104251
8 0.623488 0.698248 0.035282 0.088870
11 0.518649 0.625614 0.043347 0.093997
12 0.592238 0.673467 0.027218 0.073489
7 0.526714 0.378658 0.055444 0.099124
6 0.760081 0.321406 0.016129 0.022217
5 0.334677 0.537599 0.034274 0.054689
5 0.461694 0.588870 0.032258 0.051271
5 0.565524 0.481201 0.028226 0.051271
5 0.640121 0.607669 0.024194 0.047853
5 0.570565 0.631596 0.020161 0.037599
10 0.856855 0.467528 0.038306 0.064943
10 0.872984 0.236808 0.038306 0.058107
13 0.373992 0.430784 0.020161 0.042726
13 0.381552 0.535035 0.019153 0.035890
13 0.405746 0.642705 0.021169 0.029054
13 0.425907 0.755501 0.021169 0.039308
13 0.078125 0.699957 0.017137 0.034181