0 0.773185 0.618778 0.032258 0.056398
4 0.427419 0.317133 0.028226 0.051271
8 0.802923 0.188101 0.041331 0.111087
8 0.617440 0.681158 0.047379 0.099124
10 0.655242 0.773446 0.028226 0.044435
9 0.546875 0.866588 0.029234 0.039308
12 0.492440 0.776864 0.047379 0.085452
11 0.344254 0.720466 0.055444 0.085452
7 0.243448 0.294061 0.063508 0.100833
6 0.840726 0.708502 0.028226 0.058107
6 0.818044 0.671758 0.019153 0.063234
13 0.837198 0.249626 0.017137 0.032472
13 0.805444 0.647832 0.012097 0.018799
13 0.636089 0.556398 0.018145 0.020508
13 0.802923 0.314570 0.017137 0.032472
13 0.179435 0.356441 0.014113 0.027345
13 0.182964 0.481201 0.019153 0.023927
13 0.212702 0.667486 0.016129 0.027345
13 0.235887 0.838389 0.018145 0.027345
5 0.321069 0.658940 0.035282 0.061525
5 0.539315 0.656377 0.032258 0.059816
5 0.597782 0.521363 0.030242 0.063234
5 0.637601 0.599979 0.035282 0.052980
5 0.571069 0.614505 0.023185 0.037599
5 0.582157 0.655522 0.029234 0.051271
5 0.596774 0.617924 0.026210 0.058107