4 0.550403 0.689703 0.032258 0.058107
6 0.574093 0.600833 0.027218 0.061525
6 0.842238 0.652959 0.031250 0.059816
7 0.442036 0.348750 0.049395 0.100833
9 0.524698 0.383786 0.031250 0.054689
0 0.782762 0.633305 0.033266 0.051271
8 0.813508 0.206046 0.046371 0.105960
8 0.625504 0.690558 0.041331 0.100833
10 0.177419 0.159047 0.034274 0.063234
11 0.070565 0.799936 0.048387 0.083743
12 0.469758 0.828990 0.050403 0.087161
13 0.421371 0.206046 0.020161 0.034181
13 0.552419 0.188101 0.018145 0.035890
13 0.608367 0.588870 0.019153 0.030763
5 0.453629 0.509400 0.038306 0.052980
5 0.448589 0.671758 0.036290 0.049562