13 0.373992 0.382076 0.026210 0.041017
13 0.328629 0.438475 0.016129 0.030763
13 0.153730 0.800790 0.019153 0.041017
13 0.369960 0.903333 0.028226 0.037599
13 0.537298 0.643559 0.022177 0.041017
13 0.510585 0.369259 0.019153 0.039308
13 0.673891 0.377804 0.021169 0.029054
13 0.734375 0.226554 0.023185 0.041017
13 0.594254 0.709357 0.023185 0.022217
13 0.613407 0.711066 0.017137 0.029054
13 0.674395 0.896496 0.020161 0.034181
4 0.210685 0.613651 0.038306 0.063234
8 0.623992 0.692267 0.046371 0.107669
8 0.811492 0.197501 0.042339 0.119633
7 0.584173 0.355586 0.049395 0.104251
6 0.726310 0.626469 0.035282 0.058107
0 0.780242 0.635014 0.030242 0.051271