4 0.340726 0.177847 0.036290 0.076907
7 0.456653 0.702521 0.046371 0.104251
10 0.438508 0.433348 0.030242 0.051271
10 0.836190 0.855480 0.043347 0.082034
0 0.576613 0.768319 0.032258 0.054689
9 0.418851 0.336787 0.031250 0.052980
6 0.714718 0.395749 0.036290 0.068361
12 0.753024 0.478637 0.054435 0.090579
8 0.596270 0.664922 0.055444 0.104251
11 0.596270 0.290643 0.045363 0.063234
13 0.557460 0.290643 0.018145 0.029054
13 0.073085 0.628178 0.019153 0.034181
13 0.061996 0.716193 0.021169 0.029054
13 0.086190 0.826426 0.021169 0.037599
13 0.144153 0.646123 0.020161 0.035890
13 0.385585 0.307733 0.015121 0.018799
5 0.255040 0.288934 0.040323 0.056398
5 0.390625 0.342769 0.023185 0.054689
5 0.309980 0.462401 0.035282 0.078616
5 0.474798 0.435057 0.034274 0.061525