5 0.207661 0.364986 0.024194 0.058107
5 0.234879 0.367550 0.028226 0.063234
5 0.321069 0.757210 0.037298 0.070070
5 0.764113 0.771737 0.024194 0.051271
5 0.565020 0.643559 0.035282 0.054689
5 0.651714 0.654668 0.033266 0.059816
10 0.696069 0.718757 0.027218 0.051271
10 0.739415 0.770028 0.023185 0.054689
7 0.415323 0.132557 0.052419 0.099124
6 0.589718 0.218863 0.040323 0.073489
6 0.906250 0.398312 0.040323 0.063234
4 0.457157 0.418821 0.039315 0.052980
0 0.293347 0.146229 0.038306 0.068361
8 0.177923 0.659795 0.055444 0.114505
8 0.248488 0.602542 0.047379 0.102542
11 0.444052 0.864879 0.059476 0.093997
11 0.536794 0.908460 0.055444 0.088870
12 0.691532 0.919568 0.054435 0.087161