4 0.570060 0.942640 0.045363 0.071780
8 0.600302 0.670904 0.045363 0.116214
6 0.541331 0.390622 0.040323 0.082034
10 0.347782 0.221427 0.036290 0.071780
10 0.140625 0.516236 0.031250 0.052980
0 0.579637 0.776009 0.032258 0.049562
9 0.409274 0.577761 0.028226 0.059816
11 0.649698 0.551271 0.055444 0.088870
12 0.934476 0.277825 0.054435 0.085452
5 0.813508 0.353877 0.042339 0.056398
5 0.300403 0.426511 0.038306 0.068361
5 0.331653 0.535035 0.038306 0.063234
5 0.365927 0.477783 0.038306 0.061525
5 0.416835 0.524781 0.037298 0.066652