6 0.198085 0.615360 0.035282 0.070070
4 0.163810 0.805063 0.041331 0.073489
12 0.448589 0.760628 0.050403 0.090579
11 0.664315 0.364132 0.056452 0.100833
0 0.577621 0.768319 0.038306 0.068361
7 0.694052 0.504273 0.053427 0.093997
10 0.782258 0.309442 0.030242 0.056398
10 0.728831 0.420530 0.042339 0.073489
8 0.601815 0.670049 0.048387 0.100833
5 0.563508 0.404294 0.030242 0.041017
5 0.580645 0.443602 0.034274 0.061525
5 0.462702 0.480346 0.028226 0.063234
5 0.393145 0.490600 0.040323 0.052980
5 0.428427 0.451292 0.038306 0.056398
13 0.448589 0.217154 0.018145 0.035890
13 0.425907 0.300043 0.017137 0.041017
13 0.411290 0.382931 0.016129 0.042726
13 0.435484 0.384640 0.018145 0.042726