13 0.236895 0.163320 0.020161 0.037599
13 0.478831 0.595706 0.022177 0.044435
13 0.604839 0.434202 0.018145 0.032472
13 0.599294 0.360714 0.011089 0.022217
4 0.267137 0.229972 0.036290 0.064943
11 0.684980 0.190664 0.051411 0.102542
12 0.332157 0.887097 0.051411 0.093997
0 0.584677 0.751228 0.034274 0.071780
10 0.948085 0.816172 0.031250 0.054689
6 0.174395 0.324824 0.038306 0.073489
7 0.613911 0.350459 0.044355 0.100833
8 0.611391 0.658086 0.049395 0.114505
5 0.360887 0.480346 0.036290 0.056398
5 0.388105 0.447020 0.026210 0.068361
5 0.414315 0.465819 0.036290 0.075198
5 0.377016 0.646977 0.040323 0.082034