13 0.185988 0.768319 0.023185 0.034181
13 0.721774 0.651250 0.018145 0.029054
13 0.741431 0.640996 0.021169 0.032472
13 0.761593 0.658940 0.019153 0.027345
13 0.629536 0.304315 0.017137 0.029054
4 0.549899 0.426511 0.033266 0.058107
11 0.764617 0.682867 0.051411 0.095706
8 0.627520 0.302606 0.047379 0.121342
7 0.818044 0.414548 0.051411 0.099124
6 0.609879 0.462401 0.038306 0.064943
9 0.285786 0.876843 0.035282 0.063234
5 0.309980 0.345332 0.033266 0.049562
5 0.325101 0.526490 0.035282 0.070070
5 0.421371 0.671758 0.038306 0.059816
5 0.572581 0.548708 0.042339 0.070070