13 0.508065 0.437620 0.022177 0.035890
13 0.541331 0.394040 0.020161 0.034181
13 0.577621 0.389767 0.022177 0.039308
13 0.603327 0.281243 0.021169 0.041017
13 0.576109 0.710211 0.021169 0.027345
4 0.203125 0.494873 0.033266 0.061525
6 0.279738 0.343623 0.037298 0.066652
8 0.621976 0.302606 0.044355 0.107669
11 0.645665 0.548708 0.051411 0.083743
9 0.375504 0.404294 0.037298 0.054689
7 0.715726 0.444456 0.052419 0.111087
5 0.325605 0.342769 0.040323 0.061525
5 0.338710 0.457274 0.034274 0.061525
5 0.382056 0.561525 0.036290 0.061525
5 0.500504 0.470092 0.037298 0.063234