4 0.048387 0.753792 0.038306 0.066652
7 0.320060 0.436766 0.053427 0.109378
8 0.644657 0.656377 0.051411 0.114505
8 0.804435 0.537599 0.048387 0.105960
12 0.690020 0.530763 0.051411 0.092288
13 0.407762 0.747810 0.019153 0.037599
13 0.542843 0.466674 0.021169 0.035890
13 0.605343 0.476073 0.025202 0.023927
13 0.732359 0.504273 0.017137 0.035890
5 0.480847 0.498291 0.036290 0.058107
5 0.282258 0.610233 0.038306 0.063234
5 0.174395 0.669195 0.036290 0.058107
5 0.230343 0.640996 0.031250 0.046144
5 0.220766 0.682867 0.036290 0.047853