0 0.782258 0.635014 0.028226 0.058107
4 0.199093 0.740974 0.037298 0.047853
12 0.712702 0.523927 0.048387 0.082034
13 0.272681 0.228263 0.023185 0.030763
13 0.366431 0.337642 0.017137 0.030763
13 0.302923 0.546999 0.015121 0.025636
13 0.611895 0.529054 0.016129 0.027345
13 0.625000 0.568361 0.016129 0.023927
13 0.650706 0.590579 0.013105 0.013672
9 0.445565 0.218009 0.030242 0.047853
7 0.458165 0.345332 0.041331 0.093997
11 0.656754 0.601688 0.031250 0.076907
8 0.628024 0.699103 0.034274 0.083743
8 0.811492 0.202628 0.042339 0.112796
6 0.569556 0.513672 0.034274 0.051271
6 0.607359 0.499145 0.023185 0.046144
10 0.802923 0.272698 0.043347 0.044435
10 0.628024 0.498291 0.028226 0.051271
5 0.262097 0.436766 0.034274 0.058107
5 0.447077 0.512818 0.035282 0.056398
5 0.598790 0.353023 0.032258 0.058107
5 0.566532 0.555544 0.038306 0.046144
5 0.614415 0.645268 0.031250 0.041017
5 0.624496 0.597415 0.035282 0.034181