8 0.631552 0.685430 0.047379 0.100833
8 0.818044 0.198355 0.035282 0.104251
4 0.538810 0.247917 0.035282 0.066652
7 0.172379 0.346187 0.048387 0.099124
11 0.215726 0.756355 0.052419 0.092288
12 0.393145 0.927259 0.050403 0.085452
6 0.859375 0.561525 0.029234 0.064943
6 0.774194 0.640141 0.032258 0.054689
9 0.806956 0.645268 0.033266 0.058107
10 0.426915 0.564089 0.039315 0.066652
5 0.409274 0.826426 0.036290 0.054689
5 0.595766 0.500855 0.034274 0.059816
5 0.559476 0.534181 0.026210 0.051271
5 0.384577 0.532472 0.037298 0.058107
13 0.386089 0.374386 0.018145 0.035890
13 0.944052 0.642705 0.015121 0.046144
13 0.629032 0.582034 0.020161 0.023927
13 0.333165 0.447020 0.015121 0.017090
13 0.327117 0.563234 0.017137 0.034181
13 0.500000 0.894787 0.020161 0.037599