13 0.472782 0.329951 0.020161 0.035890
4 0.259073 0.434202 0.034274 0.052980
6 0.703125 0.359004 0.037298 0.070070
9 0.624496 0.482910 0.033266 0.051271
7 0.743448 0.493164 0.049395 0.092288
10 0.730847 0.641850 0.038306 0.068361
11 0.643649 0.868297 0.047379 0.087161
12 0.402218 0.898206 0.050403 0.092288
0 0.578125 0.767464 0.033266 0.052980
8 0.602319 0.675176 0.047379 0.100833
5 0.585685 0.274407 0.034274 0.068361
5 0.701613 0.526490 0.030242 0.073489
5 0.173891 0.261589 0.035282 0.056398
5 0.326109 0.722175 0.037298 0.075198