5 0.244960 0.332514 0.040323 0.061525
5 0.448085 0.348750 0.043347 0.070070
5 0.531250 0.483764 0.044355 0.063234
5 0.311996 0.559816 0.033266 0.064943
4 0.152722 0.171865 0.035282 0.068361
10 0.682964 0.296625 0.041331 0.075198
10 0.824597 0.438475 0.044355 0.071780
6 0.642137 0.388913 0.040323 0.061525
7 0.273185 0.645268 0.060484 0.116214
11 0.630040 0.523072 0.050403 0.087161
12 0.634577 0.622196 0.051411 0.090579
8 0.599294 0.665777 0.045363 0.109378
0 0.578125 0.770882 0.031250 0.052980
9 0.273185 0.860607 0.026210 0.051271
13 0.577621 0.572634 0.022177 0.039308
13 0.386089 0.712775 0.026210 0.042726
13 0.320565 0.635014 0.020161 0.041017
13 0.303427 0.787973 0.022177 0.046144
13 0.332157 0.838389 0.017137 0.037599