12 0.872984 0.328242 0.056452 0.100833
11 0.663810 0.304315 0.051411 0.100833
4 0.120464 0.550417 0.039315 0.063234
7 0.535282 0.576052 0.052419 0.100833
6 0.655242 0.445311 0.042339 0.064943
10 0.585685 0.495727 0.030242 0.049562
10 0.187500 0.855480 0.042339 0.068361
0 0.577621 0.770028 0.030242 0.051271
8 0.600806 0.670904 0.042339 0.105960
9 0.675907 0.525636 0.037298 0.058107
5 0.272681 0.302606 0.041331 0.066652
5 0.295867 0.423948 0.031250 0.066652
5 0.353831 0.353023 0.036290 0.061525
5 0.420867 0.415403 0.045363 0.070070
13 0.315524 0.193228 0.022177 0.039308
13 0.464214 0.186392 0.021169 0.032472
13 0.347782 0.173574 0.016129 0.037599