4 0.944052 0.693121 0.043347 0.082034
12 0.808468 0.332514 0.056452 0.092288
11 0.632560 0.797372 0.053427 0.092288
8 0.599798 0.668340 0.050403 0.117924
0 0.578629 0.768319 0.030242 0.047853
6 0.532258 0.450438 0.042339 0.078616
10 0.099798 0.635014 0.036290 0.058107
10 0.388105 0.208609 0.034274 0.056398
9 0.380040 0.248772 0.030242 0.047853
5 0.378024 0.474364 0.034274 0.064943
5 0.405746 0.573489 0.033266 0.061525
5 0.444052 0.530763 0.031250 0.061525
5 0.497480 0.576052 0.033266 0.063234
5 0.770161 0.473510 0.034274 0.076907
13 0.699597 0.720466 0.018145 0.037599
13 0.728831 0.756355 0.018145 0.037599
13 0.731351 0.850352 0.021169 0.030763
13 0.683468 0.910169 0.020161 0.044435
7 0.349294 0.748665 0.057460 0.111087