5 0.412802 0.538453 0.037298 0.070070
5 0.498992 0.398312 0.034274 0.052980
5 0.517137 0.353877 0.038306 0.070070
0 0.576613 0.766610 0.042339 0.064943
4 0.759073 0.182974 0.038306 0.080325
10 0.692036 0.524781 0.037298 0.063234
8 0.599798 0.667486 0.050403 0.119633
6 0.532258 0.203482 0.040323 0.076907
7 0.425907 0.430784 0.045363 0.076907
12 0.360383 0.875988 0.045363 0.095706
13 0.428931 0.224845 0.015121 0.030763
13 0.544355 0.399167 0.024194 0.044435
13 0.222278 0.550417 0.027218 0.046144
13 0.463206 0.237663 0.023185 0.052980